263545825806929920
265077815202938881
263008952957161473
264617438379905024
264215755153866752
263163979688468480
262968907290251264
592025220308987904
265063985789952001
263346077414092800
263247880821809152
264193967443300353
264536847462580224
262979153677152256
262957356680368128
324267996044460035
264116135388143617
263361329635655680
591988892162633728
263042305697652736
263012280806035456
262951751982907392
264118347476639744
263028359011897344
591928405769216000
263431389087670272
264895041871421440
263143858983018496
263599762094301184
263166788630614016
263107083925331969
263361343711760384
593834207652155392
263104496509534208
263195117203103744
264881723953795073
263037275372417025
591921407598186496
264543175908139008
263356527191130112
264114282302668800
263238804838699008
591940558844727296
594221261850419200
591988960001298432
263102331787284480
592281018364784640
263117963979268096
264883223056773120
264982883125567489
263014839377608705
263112871402143744
263027552484982785
263057609748250624
325164356943900672
592085704244527104
263273329102831616
325416459322916864
263797642054737921
264504761221541888
265143525597913088
263964423570456576
595166443899064320
263824944125853696
263027873701588994
264104452728946688
325214250949832704
263998072848257024
263007402339733504
262700175859003392
263114951885996032
263845354204721152
263002462544338946
263098724903956480
263392994244317185
263357546620915712
264100154393632768
262962168088100864
264380936039313408
263010751164346369
263376543370334208
263731458173198336
264591570718822401
263038829513015298
262964508866256896
594039031345721344
263135451056050177
263964959015321600
262985647155986433
264569939237670912
591990258910240769
263711257171988481
264749396468572160
263096841070071808
264153138695639041
262688258335576064
263295785888796672
265126855013724160
264871123278237699
264886582417432576
264174856080343043
263181424604106752
263138286376194048
265105200883302400
325041680946450432
595196668649308160
263021829738856448
325152550556925952
591993743378493440
264335669629960192
265109833185910786
263063175753256961
264088137599430656
591987345575936000
263002841562632192
263661563041427456
263104872625364992
264204004320497665
264080288848699394
264814093523890176
591987562438270976
592634854526713856
264736210885410816
263085473122091008
262961392133472256
263040412929892353
264746662755442689
264113234833993729
263071060562436096
264384205457334272
263115187773636608
263288087185076224
264055972106997760
263314854721503232
265224341384462336
262974165299118080
263350046874021889
264518665096003584
265086697832869888
263102719055777793
263062843367235584
263918871692595200
264103783389347840
263274241774989312
264919317571858433
263125168254230530
263047202199465984
263044743884333056
591987374101377024
264487757995446273
263078155131174913
592161329001013248
263049616822517760
264087951280050176
324581928542031872
264194460743761920
263942157914763264
263027076641218560
325161806463135744
263300488177532928
263048320300249089
263941214519312384
264120813417021440
263078133165600769
263848292121706496
264106184443850752
263176892822216704
264432471456763904
263375426477506560
265046225949184000
263436383924936704
263051632420478977
264506484883324928
263253208556777474
265325397791625216
262965765257437184
263009153939800064
265005945577406464
591987798086823936
262973881978077184
263166126966575104
265257109841645568
263227484487704576
263105858089648129
264147596782759936
262992974642806785
263050740803723266
263412116650868736
263025556797407233
263039019120750593
263072440534573056
264842660060209153
265297290560950272
263087991738728449
263105610332131328
263629507829841920
591993428516413440
263052542177603584
263124796861194240
264069381682774016
263117360993542146
262970850884603904
263313082841972736
263294536606953472
263047101854912512
263224147063209985
262985692643205120
264056605279154176
264134805749366784
263099631838298112
263122244719505409
264829391194955777
264582339932332032
262950020523888641
263025509556961281
591925799315345409
265172147180298240
324627453190475776
263344332042559488
263010505709457408
263587941182472193
264752302877990912
263113899350556672
262983038919651328
264214537266409472
263092368494977024
264764769557442560
594116212386234368
264882923788976128
595685404210286593
264391930174132224
264932299227934720
263842872456011776
264729382487220224
263538007582310400
263117554342572032
263401230271918080
263089874398224384
263431449603096576
263278841756282884
262961240274530304
264097313016905728
325157520484229120
263105807737049088
264041418979426304
262947153142505472
263002449932066817
264720863008530433
262960384632311809
263108844115337216
265207418592567296
264863249672044544
591999568729935873
591994991045713921
262974196324397056
263803252842303489
263080736012242944
264433353661501440
263214068444319744
591988057856839680
263252989135962112
264896369523830784
263089190059773952
263858538189815808
264826226009587712
263394658011475968
592296065220521985
591935451042189312
263804761483141120
262994142127349760
591988122176524289
262929911315050496
263247698612871169
263089451817893888
594623985402433536
263357600761004032
263489657885569025
264058251467952129
262676481971482628
264912386828402688
262977513603600384
264412836829216768
263002528784977920
263263997376217089
263843616437440513
263061486518280193
263350091635634176
262957112966127616
591987594084364288
263042554411491328
263497721032343554
591988058536284160
262941733162205184
264559184236904449
263000691814064128
263467728139075584
262962471512444928
263076559131394049
263087068132036609
263104889574551552
263383076162387968
263921600376762368
262944726234308608
263323136408317953
263270622174531585
263040226157547521
263157580585631745
263274742461640705
591996229929828352
263321124052561920
263081411437793280
594312366948372481
265317452928409600
263594972081704961
262981351865737216
263107194826919936
264037241045794816
262977040070881282
263108354472308736
264880506594799617
263018786653876224
264157976045170688
263086935453614081
595119481640202240
263000788639563777
263169878834425856
264540607484137472
263780706629607424
591987216978563075
262977834451103745
263407575305957376
263076577791840256
591989116222382080
593156388920000512
263468790967304192
262959247237713921
264142805969014784
262990223426859008
264095038382931968
263034240818634752
263072312952246272
263395585191706626
263306273825648641
264741682686349313
263131747800195072
592740042419937281
592621162393374720
263100080247164929
264165384423346176
263110959575465984
263005627499020289
263385081165529088
264821068752097280
263461511090012160
263129564803371008
591994850355982336
263636887690964992
262966787736473601
263129713013309440
263127469123592193
264208252965892096
262977091983785985
263283488092999681
325414847649046528
264491097080885248
264149710103785472
592660141536890880
263066709760540672
263346853066706944
262707366183702528
263319628627992577
262962719412604929
263147810663313409
263313076013654018
263352249198198784
265080765300211714
263055091043532801
262967300758585344
264925832064159744
263478686102220800
264812093851697152
263106777502068736
263313313398657024
265098177374461952
262993970802610177
591988984479412224
591987554175488000
264446408931827712
265187252672532480
263143916168163328
263127349363617792
263065558487027712
263122964717903872
263036167753179136
591928661994917889
325234531273670657
263719574049026049
262987875161890816
263284671222272000
324979270248173568
263419205829926913
592734702991241217
591992553953628160
263117268588834816
592047038465839104
263206601475883008
263045313705697280
592209622125051904
592006595883569152
263088966239145984
263177762326581248
263261214115782656
264345777319600129
263809700888453120
264399562205175808
264135582568022016
591990595750600704
263331061495373826
263277957433401344
264173257010315265
263413932201500673
263329634568003585
263030949187579905
263956827883061248
263000876581543936
263069328491020288
263175827951333377
263030735282245632
263051633993326593
263182664096436224
592009167122104320
592629018639208448
263160091459592192
265184834341703681
265282299598364673
264097209501491200
325156508134408194
263310218480463873
263795654114045952
263089850071257088
264898010566234112
263263438988533760
264516718901202944
264398404635983872
263702623541157889
262977529969786881
264536093897134080
264414207804575744
264433411177984001
262978268179865600
263357409358118912
263122719661514753
262987545112113155
263502306862059520
263103595833069569
263066244893261824
262977517063921664
591890942329692160
325072029621559296
265165887261261825
264546415282356224
262994419203059713
264826939536191488
262970650300407809
595698532868354049
263110083196641281
263084798061457408
263527117336219649
263311098109911041
263059415442264064
263026945380478976
263297743743762433
264871979558006784
263066191340371968
263338758303264770
594556887875657729
264910409566388224
263002102270418945
263052824403914753
264822203336519680
265097220158812161
591987568901623808
264720384102891520
592098352390664192
262995508002443264
264701297440219137
264481956106997761
263842378983538689
264691153939623936
262997981677121537
262965701776637952
263677446304448512
263144262504415232
592617737479847936
263371961009311744
263117639142998016
265241564262064129
263269164842639361
263373639766908928
263368609177411585
592041943116414977
264522249967648770
591989095624101888
263952121517445120
264110915295784960
263744358346547201
263950624020918273
262967729810710528
264952601102123008
263821966614597632
325423195446452224
263981416545665024
265241875282292736
591987439746461697
264027516052844546
263813995415355392
263000931216551936
263813801202290688
264523905065177088
591945207215575040
264212220664225793
591988817004892160
263349564998828032
591987625990356994
325067419649458178
264003755614285824
325140954430443520
265076911628226560
263292736541708289
263966930719875072
264109174600921088
264469527209844736
262969512276684800
263099163389091841
263094595821379584
263017388650397696
264284788947574784
592026559202000897
262971708770775041
263354868985626624
263094058275201024
263332524216950784
264087603769389056
265230320406769664
262962848987226112
264029449773805568
263187602448977920
263877806889525248
262999770363211776
324536663495811072
264745819129925632
264691679318142977
263351781763989504
263993919375818752
591989085545201665
263405885597048833
263041489192509440
263049337670598657
263104853461573632
264158836821196800
262753609224163329
264090453455040512
264350250964234241
263060034508959744
263103516602667008
263783334084235267
591993059421790208
263106894560903168
264155873109233664
591992843952001026
262967627671027712
263254157551607808
263307385509142528
265212967207981057
263480861536710657
263127001827770368
264972735510347776
263027077320691712
263029339149451264
265147316351143940
263286294522777601
264129275341451264
264048561807826944
264134240860532737
592506435075969024
263263194972307456
324611966758957056
264809112120999936
262978006744707072
264791182922620928
263255087982473216
263943682565210112
263000083933573120
264094263242010624
262972920710721536
325226681830891521
325053411844292608
263241937564336128
265170148892241923
591995288694423552
591905643558088704
264072248313380866
591983962651815938
594402301508341761
264930585259171841
263996788355235840
264055687309561857
591989005018865664
325226430533349377
264877513824690177
263912820003983361
263024976947445760
263011292112121857
262987536568311808
262987099479871488
591987802071441410
263100047825199104
263095906725928960
264333739633545216
263294685341184002
263448664645705729
263294973926064128
263084002934669312
263259069886910464
591989404157087744
325082419059367938
591987644134887425
263365071776915456
264426210719854593
263103779770085376
263100543038263296
591996157460500480
595477934657425408
263105710555017218
264831296273018880
262973571654090752
264672676000432128
263039247253123072
264144633251131392
263396008036298754
263270199015395329
265318591996502016
263120532331958272
324622319114932224
324498279700234240
264775453754134528
262753195334447105
265218461435838464
591987686094737409
594478103264563200
591997301310279682
265144167963963393
263413780413816833
325113428261888001
591992549004300288
593388235092598785
265264511668334593
263051419702132739
324584196586737664
265025110157705216
263993661354819586
591987471165992960
591988039909539840
592248327581868032
263246745486639104
263009090366742528
325387519145431040
593866505470738432
264898402893049857
264885995776905216
265174707962249216
264309093097934848
263388516652834816
262932749025943552
264158044131299330
263134498407989249
264925819070185472
264434390044639232
264035414053097472
324625688244142080
263245021485096960
264156222226305025
591988937528352769
591987871931764736
591987962067308544
265166925020155904
591992122271604737
264116898654994432
325137399275483138
592010623820529664
263564110678069249
591988525844729856
265263316589502464
264827906872721408
264086760223543297
263085477714874369
591928661835653120
263211977210482689
264103842835214338
263384725576630273
264171411294265344
324435205433724929
263419332791521283
591998993405587456
592191426768797696
591995344969441281
591990717955874816
264850115108429824
263094194212573184
263333980613513216
263096173626261504
263367037018062848
264495936942768129
263471361513623552
263483883935395840
591987258028208128
265183555632648192
263273248215666689
325234670461648896
263012631458242560
264228003859533825
325136799611645952
263310770220195840
265251091900420097
591995272340705280
264891127746928640
264079762358669312
263287532505153536
265124995997511680
591987800506961921
263068757289730050
263927955762327552
325251158291652608
263098201006026753
591987274381807617
264079132298719232
263138969838030850
264832250795917312
592029728103620608
263941370568388608
591987611578732544
265076836197867521
594230061978398720
264073778156433408
591989143573377025
594816710399496192
591987996473208832
591986611900002304
591989140629008384
592014821303963652
591994148552613888
595054733896724480
325242112478158848
591909089438904321
592639959997095936
325094715668176896
594801528365539328
594537571067105280
325162603913555968
591988056929906688
591946416240472064
594918030573993984
591907286840377346
324590475413696512
324612897936375809
592268124143034369
594423035660120065
592644513799221249
591992101337899008
594885688434241536
594446313221017600
325421043370037252
591988213436276736
593171041763065857
592014455019589632
591986697459499008
324599027293372417
592625926476726272
591987395551105025
591988735815757824
325226554839937024
325104988357554177
591989151416750080
591995961871835137
591988070624468992
325135810326327296
324845303566065664
591885326106251264
591988958566830080
324582306511728640
325152091423248385
592020464035303424
591988099774750720
591990705993560065
592047098234699776
594371735354347520
591998399508910080
325156797902114816
592026557553643521
591927916059037697
325464125868216321
591988057580052480
325416423520358400
324580144478048258
325037551977107457
591987157570494464
592073688834441216
591988730983886849
591989389301030912
592026560758067200
325206482457083904
325412582238343168
594366335175524352
594832254288826368
325085389582901250
591987861102145536
324597532548276224
591987949245337601
591987633821077504
591920883918209024
591986127185252352
594359442474291200
592026563576614912
594401073114152960
591996110933209088
591987554351652864
325143399583850496
325234938607706114
591936306243973120
591987626749464576
592011498689601536
591996947944370176
591988394923790336
594289688237617153
591918532985802752
325210841895026688
591896383025647616
593090238735613953
591990798838833152
325062042342027264
324604457847488512
591987564686389249
591987556096430080
591992471648768001
594262573899354113
592023977758961664
591988007877496833
594749517863505920
592120164180721664
591989148472385536
324607148313153538
592532849900670976
594727185170178049
591987171755565056
325247833064239104
591988771517693952
324521381385625601
592002355752603648
594401567467556864
592047096682807298
592077026770690048
591945913406517248
592013221600559104
325160938896515072
593346808484474880
591989321500090369
325309548783083523
593774630399152128
591895229898194945
325093818582048768
591945125829423104
591945920700239872
591988213155135488
592047099681705984
324513161904537601
591989111554113537
591992510701932545
591888485226713088
594382045465415680
324996041285980160
592623452168724480
591988912429649921
591992117754523648
594398238939054080
591989140020944896
594347085719179264
594415747671068672
591987592771411968
591927653243883520
324578933427302401
325059156778311680
591991286439092225
325016877082488832
591988004341747712
591887195515949056
595497140618571776
325042121499365376
591984116884635652
591987621221376000
591987966777499650
593713074374336512
591891600260734976
591987824510926849
594615242694459392
325275178693181440
591939446829899777
325373322495934464
325030184199811072
591987325736919040
592001477247303680
591987804516651008
593147431266680832
591987150012293120
591987496843509760
325264020812730368
325023678695870464
324617563243958272
591987423405473793
591989694826749952
592001007850233859
592047104157089792
325070248195801089
591931704534634496
591929912346419200
325106721062260737
591988657860452354
595072634905321472
325423566889816066
594481809322278912
591989187932463104
591989150934507521
325454245522460673
591987270586007552
325231203282198528
591989181360054272
591988657206272002
591988238274834432
591987462861271040
593080511750352896
592084701466079232
325266333958807553
325260176766685187
591989087113846784
325421434459549696
591990820921675776
591988134134419456
591987957348769792
591988631579013120
591987498382856193
591901452882169856
591988082712252416
591989002913316865
325170147671277568
591988887846854656
591928713249435648
591987981436588032
591988567431327744
591992550698848256
592078619268100096
591994109465894912
591942045398208512
595239599342886914
592026560409964546
592656120944193536
591987947559227392
591984449329430528
591987560722796544
325173128491851776
325104552284151808
591987645615505408
325150935364022272
325424197792833536
592975343230787585
591989173684285440
593264347973087232
591987179951263744
591987881863843840
591880167670185984
325159845764415488
591992935614435328
591987917654007808
591995555649302529
325257563115503617
591987803698929664
595668742593470464
591987892764823552
325410596508033024
325179332278501376
591987819918168064
594343149507489792
591987892068560897
592026567699664896
591877311030398976
591987967452819457
592026562662268929
592047108963733504
594317526080815104
591992506478305280
591987822950686721
591988254875983874
591988872239816704
591998882365775872
325415369416245249
591987320821125121
592026558740570112
595272072407941120
325006524860751872
594829329659461634
591988756711780352
591987385115676672
591988104178761728
594606444374261760
324565662339059712
594841355928506370
591988048298016768
591989170362404864
592076329002135553
594888822590087170
325253470724689921
594477585742069762
595149211882094592
324849780708745216
594126141939585024
591987764624695297
325411921564139520
591987436034461696
591996047364366336
594837864656936960
591988054287486977
591987565634289664
592502754494390272
324554636923125761
591987902994776064
591987606180597761
325264996697272321
592242254988742656
591988131936784384
591987379629531139
592604452843991042
591988051510890496
325184371768315904
592026566575554560
591989009993302016
325162558094979073
591989278499950592
591996550538104832
591988351474991104
325243484762152961
325185091389239296
591987632260812800
325252600033329152
591988746209243137
591990694966861824
325072541360197632
324551861426348033
591988045886304258
591989423820120064
591989277023571968
591987569602134019
591987672454811648
591991289597407233
592042947249471489
591988829235601409
591988861926014976
591989074736455680
325008998531231745
591987678914088961
325142448881930240
591992645473415168
592704315384537089
591988092464017409
591990443807809537
324568758234521600
591990972311064576
591950154548125696
594576506669510656
324789744192065536
591987554397753344
591987958795751425
594253934950281216
591987580586987520
591987283672207360
591992561448783872
325038797228228608
591987569174253568
591995619390160896
591937857570394112
591987316668780544
591869382881488896
325416365009813504
325170782131073024
591872455339216896
324676674442629120
592619048224960512
592710127301582848
592006620554506240
591987806706118656
325172591360872449
591994628053737473
592677676432924675
325436649095958528
325236070159626241
592055618380439552
325411157202591744
591987416577118208
325423937674674176
591987771322994688
591989045481246721
591988977944649728
593368581414506497
594474413589962752
591987474219446272
591909765552308224
592567277129728000
325141619814842368
591987611490615297
325239680796852224
591943061170565120
325243169849634816
591990374249422849
325225937635520513
325064824306429953
594408385723764736
325007588079071232
592657515785105408
591904515114213376
593403576535355393
325132188876144640
595124063871311872
594674262192984064
325353056017473536
594545505562046464
594560885571457024
594124867454140417
592066944678760449
325092327553122305
324930742041866242
325083654273519616
594375789535105024
325009065166131200
325008834554896384
324595989090562048
325039827324129280
325145935007068161
594923291334320129
594153451874979840
593799275009609730
325324116355846144
325230468775673857
325009741132726274
324558591690424322
325325145038274561
325251734689689601
592623965337714689
594893147311894528
325323820514828288
325378527555895297
325051229791203328
325142092655517697
325318834787594240
325237962327588865
325069343660597248
593726594113470464
326399859617824769
595226076852391936
325200072717520898
324383323097022464
592619812523749376
325045077162479618
325163468334448640
593262831430053889
594473046561304577
595695867761434624
594544010946973699
325038373150523392
325266150692892672
325233605964070913
592687292210372613
324526766481870848
325313358339375104
592326719647911936
325064400052576256
325217425295568896
325008198329307137
592787364197564416
594290740840288256
324590974753976320
325374640681779200
324475416893091840
594948091326824448
325393081065164801
592595287815757825
592709008718442496
591894996934000640
594986529530970116
324325848352161792
324508845353349120
595020878166892545
324638323316506624
325166355747835906
325082497417359363
324588779635605506
325319288091185152
591896339140595712
592322251963301889
325041421054779394
594567019107725312
325228310147776515
325016269864718337
325147818568347648
324631982518726656
325242587491491840
325395374170841088
591937174439796737
324569472952320003
325387375519858688
325006277661040641
594314256494952449
325133956079034368
324623991107112960
325046852011565056
325257221304893440
593749802350825472
591986117022461952
325276030656983042
325006281322663937
594600397899051010
324558285225209857
595426185724723201
325420297673113600
324579998524661760
325281651611533312
325222895989166080
325055737812373504
325331550017306624
324173097307615234
325207169463099393
325209914060455936
325020889248854016
325210545160609794
594502737087311872
593723948346388480
325163720441475073
325149501813837824
593706324082450432
325252804832792576
592659124292349952
594119490352259072
594960149602664449
594247304204263424
594322212728885249
594798098049695744
324627017486188544
325096729936547842
324999545534701568
593375840936660993
324338610465816576
325337288206852096
325162120696168448
324537751934484480
325293950393012224
324569471253630976
594725838777556994
325289987044151296
324665423956176896
594818553762684929
325006042700341248
325057658593886208
592756234153029636
325441217380892672
594485533285318656
325135832207990784
594853808443887616
593792337840451584
325216123224207361
591897035126611968
595025164787699712
594401140663455744
325705653026975744
324513597852098561
325208618364461057
595142028289249280
324551203562344449
325064754769055745
594346556574175232
325012307019177984
325261554889146370
325234209381830656
594933621439475712
324998429178744832
595138420286029824
325250230792646657
325419830129868800
325455279766532096
593101270765981696
325415513570295808
325117562465681409
324798280787714048
594750182731853824
325411710091546624
325064026096812032
592709138729304064
325407401861849088
594304716474961920
595255080695296000
324590308845301760
325313838411026432
325239893913661440
594131177461583872
325416275872460802
592650437100183554
324895544176693250
325239528753332225
594100381363253249
325003591083520000
594320908602318850
595537194095398913
325107267282280448
325007940715155456
592660930275745795
325035745419083776
324582851939012608
594081051560935424
594390731944435712
592606722767761408
594558668080746496
325056309697327104
324843084997341184
324501940329394178
592731922872283136
325096783376179200
593670405497298944
325001003776737280
325392508685266945
594424380890939392
325232060476321792
325236486381383680
594626091194646529
325008771422244864
325145334739267584
594256174897176576
324710785773363200
325251868924211200
324850550954930176
592722081604829185
594421744804311041
592846847821099009
325237087655845889
325351407345618945
325024593062539266
324522267973402624
325413909102202881
324584780928806912
594967408382611456
325265059897024512
324572829230178305
595077905090121728
325069559474302976
325165533798486016
594532290203521024
325077021686378496
325236475773997057
592035045990240256
324612286327177216
324531787931996160
326543563477377024
325014953243340800
325069181605249024
594752168957054977
324574648492752896
592091408682594304
325243838518149120
594790632104861696
325055137171271681
325132992752283648
325032349840601088
594632129243406336
324559423441879042
325403026489757696
325073174872064000
324628936522866688
325264870591299585
325072170235617282
325325667036180480
325463194585923584
591896696344317952
324523400280305664
594344037097701376
324798038105272320
325415908187176961
325428775217152002
591950521658814467
592326783959076864
594832163549409280
325218876721872897
594877246420160512
594343575665541120
594776083859316737
593366591108026368
592052813586239488
595440578369875968
594444246045753344
325037768512262145
592551078366879744
592063136334802945
325148067336683521
324924246843346945
325220541940252675
325077806201593857
324527935413436416
591938079956434946
324573102723981314
594352704140390401
324389467345522688
594466298819518464
325227132030689280
325244577999118336
594547735967203328
324510098259050496
592047119634038784
325002063404756996
325103292776583169
325016702813351937
325232804453560320
594215608335511552
324356688272560128
595370132752474113
324557656482271232
325204319802642433
324585690157428736
594496219763847169
592920984379740161
594572472621539328
594079144574455808
324596948969603073
325090960797229056
324512492011278337
325288782159032321
325216821861036032
325157291395543040
594717375183785984
324561185485758464
591944305939324928
594553389368922113
594337900520574976
593470113019514882
325115605093081088
594632136126308353
595357224769363968
324581777614180352
324517112234270720
325253031753052163
594227794080464896
325303268437803009
594474461132300288
325003962946297857
324526695531040769
324991612025462784
324740982576914435
593299074012446722
594481604468338688
325004295181316096
594209766387290113
594222594917707777
324998274048204801
592947782664769536
325270399678042112
324874410374877185
324468904128806912
325051231968059394
595503994279079937
594977040807366657
325154445354758144
325104231336001539
592687271616356352
325121564309856257
595637291286142977
592687522075009024
325448117858213888
325361625869717505
325247193550290944
325088685940953088
594329724773478400
325145026764099584
325245494626484225
325274828804341761
327097650212139008
592664677966053378
325250450905505794
325226222235828226
325375592268705792
594482768572219392
325234510474117121
325149579282640896
325411466180177920
325150263683993600
324528633463050241
594363460999196672
325431243183370241
325162986161459200
325073678465368065
595305104414220288
325244161970302976
592648557666013185
324504112001597443
325276939445207040
595497626302156800
325006064531697665
325072429909151745
325174761007239169
325034100215910400
325435536611360768
324128489244614656
324519561577762818
325043839763095552
594779166215659520
325311398949318658
594326570761785344
592959738394050561
595150550364205056
324573369095831552
595342631393239044
592735014497984512
594569124782583808
592526726527193088
325000577606115328
594698914919395328
594560136254881792
593287792098025472
325004772476325888
592512600648392708
594831133692526592
594246316030431232
325012235661479936
592201659490533376
325425540578291713
594340346898690048
325234960535539712
592368562989240320
324629642151591936
591922128263454720
325399825057189888
593801006934163456
591897545653129217
595493026719490048
324876776000077824
595140166269861888
324552680838156290
593606565237624832
594712187781787648
324620538465120256
592689917123231746
594550574189805568
591897078546059264
325077869543948289
324637464927039488
325201250603905024
325237194346360835
594413181189095424
325165333243637760
324581847541628928
594211733130059776
325004822870908929
325274069853429760
324674672413270016
592624913401294848
594821362516004864
592326794004533250
325357633957662721
325256788201066500
324590719153094659
325416498095067137
325418472169406465
324333359356579841
324572177020116992
593094580008026112
594390541216788481
324577256888496129
595617502731882496
325181852279259136
592675664861487104
325235260050776065
594538391624024064
325307612050640897
325429256471601152
594536290294435840
592734435503697922
325057272541745152
592271701641076736
591895414963507200
325421407070724096
325050063632097282
324635274887970816
325160529117200384
326469307682926593
594704452998672384
325063064795893761
325157607427948544
325025723070955520
324999826200735744
592605771013062656
594816687460855808
594761971062296577
325010699040485377
324587251503886336
324521785569710080
594342384143589376
325118230811254785
594266533137764352
593796814358216704
325020428739432449
325308244912402432
325061512622391296
325269970177122306
592668709388451840
594909360708591618
325328104065212417
325440144519856129
593010109388722176
325008086530154497
594394958301253632
325255092599144449
325005148994826240
325179690316869632
324547942100914176
325234961709936640
324936511160213505
325328825380651008
594047102159720448
325146251190472704
324532372479541249
325000403764793344
594555607295885312
591943484560441344
594534289607294978
591890188353286145
325047131905871872
325234285105790976
325022301991084032
592750847651663872
593126850869637120
592614028779761664
325010830460612608
324999947592294400
324361628353191937
324583175953215489
595531139068129280
325079008884707329
325076685143801857
324593912528400384
325101127043534850
324610085882044416
325269317312737280
325412331456704512
325038909635579905
325101504065323009
324609009799794689
325037166478639104
324330330108612608
325256142773186564
325202791792533504
325289314634330112
325114876261462016
324999126100094976
325026031067090945
325166815099617280
325258025873063936
325434480900861952
325047465793441792
325231783413174273
325228288412901376
324315545572896768
325229786102390785
325094563138113538
325099014355820544
324533353623724032
324771811508240385
324578733061193728
325177553713238016
324585727109234688
324642477577494530
325490517725028353
325153259847303168
324505971017785344
324694897301016577
324554646976868352
324545148908363777
324627749266419712
325695542875258881
